0 32367
1 32146
2 31707
3 31903
4 32120
5 32356
6 32527
7 32758
8 32766
9 32442
10 32246
11 32049
12 31880
13 31389
14 31422
15 31224
16 31079
17 30491
18 29695
19 28934
20 28806
21 29176
22 29876
23 30214
24 30112
25 29767
26 29091
27 28998
28 29501
29 30109
30 30521
31 31150
32 31030
33 31125
34 31235
35 31115
36 31133
37 31302
38 31295
39 31047
40 31169
41 30778
42 30446
43 30023
44 29970
45 29378
46 28957
47 28573
48 28348
49 28559
50 29174
51 29222
52 29111
53 29731
54 30376
55 31197
56 31744
57 32055
58 32073
59 31835
60 31511
61 31198
62 30907
63 30837
64 30394
65 29968
66 29504
67 28749
68 27410
69 26920
70 26715
71 27143
72 27536
73 27701
74 27276
75 26574
76 26076
77 26108
78 26887
79 28215
80 29430
81 30471
82 31109
83 31476
84 31602
85 31738
86 31275
87 31257
88 31289
89 31139
90 31286
91 31354
92 31196
93 30632
94 30494
95 30424
96 30956
97 31577
98 32034
99 32084
100 32319
101 32437
102 32276
103 32318
104 32146
105 32272
106 32156
107 32164
108 32038
109 31888
110 31668
111 31497
112 31536
113 31074
114 31225
115 31116
116 31305
117 31076
118 30787
119 30395
120 30215
121 30658
122 31217
123 31853
124 32136
125 32213
126 32164
127 32089
128 32218
129 31937
130 31781
131 31607
132 31450
133 31180
134 30624
135 30316
136 29267
137 29514
138 29054
139 28786
140 28616
141 28567
142 28644
143 28196
144 28433
145 28335
146 28883
147 29471
148 29934
149 30562
150 30910
151 31420
152 31960
153 32215
154 32581
155 32606
156 32461
157 32658
158 32446
159 32547
160 32577
161 32308
162 32546
163 32508
164 32547
165 32521
166 32492
167 32292
168 32450
169 32288
170 32099
171 32088
172 31877
173 31866
174 31842
175 31683
176 31760
177 31624
178 31503
179 31131
180 30976
181 31099
182 31754
183 32061
184 32298
185 32483
186 32597
187 32438
188 32686
189 32497
190 32408
191 32678
192 32422
193 32516
194 32458
195 32196
196 32372
197 32344
198 32058
199 32153
200 32139
201 32059
202 32087
203 31810
204 31823
205 31810
206 31942
207 32192
208 32317
209 32288
210 32437
211 32292
212 32386
213 32377
214 32350
215 32173
216 32056
217 32080
218 31805
219 31883
220 31888
221 31892
222 31678
223 31667
224 30544
225 31269
226 31350
227 31683
228 32038
229 31994
230 32244
231 32310
232 32128
233 32156
234 32117
235 31969
236 31963
237 31610
238 31688
239 31179
240 30999
241 31138
242 30976
243 30795
244 30647
245 30372
246 30185
247 30297
248 30589
249 30652
250 30879
251 30824
252 30986
253 30780
254 30901
255 30721
256 30393
257 30392
258 30568
259 30777
260 31461
261 31729
262 32039
263 32191
264 32260
265 32255
266 32353
267 32169
268 32349
269 32210
270 32157
271 32435
272 32177
273 32369
274 32564
275 32455
276 32347
277 32262
278 32365
279 32375
280 32270
281 32233
282 32162
283 32155
284 32196
285 32014
286 32072
287 32204
288 32083
289 32146
290 32137
291 32007
292 32062
293 31799
294 32164
295 32010
296 32059
297 31879
298 32299
299 31981
300 31772
301 31889
302 31496
303 31539
304 31422
305 31549
306 31528
307 31119
308 31018
309 30651
310 30743
311 31046
312 31500
313 31616
314 31804
315 31761
316 31721
317 31977
318 31986
319 31997
320 32134
321 32005
322 31934
323 32037
324 31829
325 32035
326 31921
327 31878
328 31900
329 31979
330 31940
331 32166
332 32198
333 32249
334 32398
335 32356
336 32245
337 32356
338 32299
339 32103
340 32241
341 32383
342 32118
343 32321
344 32222
345 32163
346 31845
347 31946
348 31698
349 31791
350 31693
351 31710
352 31574
353 31394
354 31193
355 30949
356 30776
357 30831
358 30880
359 30862
360 31010
361 31167
362 30770
363 30535
364 30631
365 30886
366 31285
367 31752
368 31933
369 32039
370 32023
371 31852
372 32170
373 32007
374 32103
375 32163
376 31832
377 31905
378 31919
379 31731
380 31506
381 31312
382 30961
383 31160
384 30882
385 30905
386 30817
387 30589
388 30756
389 30146
390 29823
391 30043
392 30244
393 30737
394 31269
395 31265
396 31593
397 31572
398 31533
399 31572
400 31260
401 30978
402 30744
403 30388
404 30241
405 29875
406 29427
407 28916
408 28211
409 27898
410 27401
411 27066
412 26749
413 26289
414 26095
415 25878
416 26263
417 27234
418 28028
419 29010
420 29949
421 30537
422 31333
423 31510
424 31703
425 31105
426 31738
427 31563
428 31770
429 31745
430 31758
431 31881
432 31833
433 31770
434 31755
435 31690
436 31440
437 31409
438 31422
439 31701
440 31494
441 31298
442 31385
443 31083
444 31045
445 31113
446 30708
447 30377
448 30384
449 30346
450 30360
451 30274
452 30228
453 29668
454 29652
455 29867
456 30260
457 30887
458 31070
459 31032
460 31077
461 30916
462 30691
463 30717
464 30755
465 30447
466 30234
467 30017
468 29621
469 29466
470 29522
471 29251
472 29294
473 29098
474 29125
475 28932
476 29207
477 29039
478 28948
479 28688
480 28916
481 29161
482 29889
483 30446
484 30966
485 31353
486 31532
487 31596
488 31489
489 31544
490 31574
491 31495
492 31526
493 31385
494 31494
495 31330
496 31650
497 31514
498 31366
499 31468
500 31401
501 31332
502 31286
503 31187
504 31047
505 30865
506 30694
507 30710
508 30557
509 30620
510 30544
511 30603
512 30492
513 30718
514 30795
515 30967
516 31216
517 31210
518 31526
519 31587
520 31529
521 31380
522 31596
523 31343
524 31463
525 31480
526 31269
527 31311
528 31190
529 31002
530 30913
531 30961
532 30972
533 30905
534 30806
535 30726
536 30571
537 30755
538 30871
539 31166
540 31210
541 30978
542 30897
543 30728
544 30558
545 30308
546 30231
547 30028
548 29944
549 29693
550 29849
551 29427
552 29341
553 29161
554 29515
555 30050
556 30600
557 31017
558 31263
559 31233
560 31256
561 31357
562 31407
563 31555
564 31474
565 31318
566 31475
567 31093
568 31119
569 30812
570 30331
571 30124
572 29920
573 29856
574 29603
575 29702
576 29471
577 29116
578 28747
579 28769
580 29136
581 29758
582 30458
583 30271
584 30948
585 30983
586 30788
587 31002
588 30783
589 30739
590 30736
591 30614
592 30649
593 30541
594 30434
595 30513
596 30473
597 30329
598 30597
599 30627
600 30884
601 30917
602 31104
603 31040
604 31152
605 31196
606 31220
607 31196
608 31144
609 31197
610 30995
611 30962
612 30844
613 30788
614 30572
615 30661
616 30298
617 30618
618 30394
619 30062
620 30072
621 29946
622 29991
623 30286
624 30433
625 30415
626 30588
627 30184
628 29904
629 29462
630 28884
631 28014
632 27555
633 26857
634 26513
635 26194
636 25812
637 25171
638 24653
639 24517
640 24817
641 25970
642 27165
643 28496
644 29266
645 30083
646 30481
647 30585
648 30594
649 30471
650 30462
651 30255
652 30080
653 29814
654 29744
655 29621
656 29691
657 29618
658 29358
659 29052
660 28683
661 28838
662 29209
663 29846
664 30337
665 30508
666 30882
667 30870
668 30924
669 30852
670 30859
671 30781
672 30800
673 30556
674 30616
675 30546
676 30249
677 29983
678 29494
679 29182
680 28998
681 29028
682 28907
683 28674
684 28429
685 27741
686 27597
687 27594
688 28167
689 28345
690 28647
691 28692
692 28458
693 28062
694 28461
695 28541
696 28276
697 28104
698 28321
699 28592
700 28809
701 29350
702 29680
703 30177
704 30421
705 30562
706 30705
707 30730
708 31061
709 30860
710 30882
711 31201
712 30879
713 30776
714 30685
715 30585
716 30680
717 30718
718 30555
719 30542
720 30518
721 30614
722 30600
723 30537
724 30551
725 30411
726 30628
727 30590
728 30641
729 30464
730 30475
731 30681
732 30446
733 30188
734 30331
735 30205
736 30279
737 30508
738 30636
739 30525
740 30529
741 30584
742 30507
743 30437
744 30285
745 30116
746 29987
747 29792
748 29416
749 28927
750 28190
751 27271
752 26439
753 25616
754 24480
755 21466
756 23091
757 22644
758 22200
759 21599
760 21266
761 21439
762 22180
763 23239
764 24769
765 26220
766 27349
767 27967
768 28469
769 28607
770 28928
771 28861
772 28849
773 28977
774 28920
775 28822
776 28553
777 28318
778 28768
779 29136
780 29345
781 29560
782 29042
783 28700
784 28147
785 27445
786 26687
787 26104
788 25592
789 25062
790 24847
791 23915
792 23248
793 22842
794 23020
795 23469
796 24765
797 25888
798 27147
799 27849
800 28434
801 28446
802 28397
803 28694
804 29407
805 29820
806 30249
807 30439
808 30612
809 30738
810 30558
811 30668
812 30715
813 30833
814 30784
815 30729
816 30675
817 30614
818 30526
819 30439
820 30378
821 30368
822 30381
823 30350
824 30244
825 30254
826 29951
827 30137
828 30197
829 30208
830 30147
831 30191
832 30175
833 30216
834 30082
835 29872
836 30036
837 30356
838 30405
839 30441
840 30511
841 30659
842 30776
843 30772
844 30486
845 30499
846 30521
847 30407
848 30257
849 30469
850 30325
851 30115
852 30280
853 30388
854 30443
855 30447
856 30410
857 30380
858 30635
859 30428
860 30515
861 30859
862 30719
863 30591
864 30718
865 30716
866 30582
867 30486
868 30623
869 30586
870 30787
871 30678
872 30661
873 30630
874 30504
875 30411
876 30398
877 30215
878 30473
879 30281
880 30279
881 30132
882 30098
883 30026
884 30024
885 29987
886 30091
887 30005
888 30212
889 30027
890 30183
891 29941
892 30004
893 29852
894 29608
895 29456
896 29350
897 29251
898 29225
899 29203
900 29241
901 29010
902 28935
903 29042
904 29395
905 29927
906 30166
907 30358
908 30443
909 30608
910 30580
911 30483
912 30585
913 30379
914 30434
915 30530
916 30399
917 30087
918 29946
919 29708
920 29676
921 29585
922 29444
923 29469
924 29411
925 29407
926 29288
927 29051
928 29139
929 29582
930 30011
931 30095
932 30412
933 30429
934 30442
935 30459
936 30598
937 30642
938 30509
939 30528
940 30631
941 30600
942 30709
943 30568
944 30622
945 30570
946 30492
947 30573
948 30663
949 30490
950 30421
951 30482
952 30439
953 30638
954 30419
955 30603
956 30530
957 30371
958 30409
959 30216
960 30232
961 30247
962 30286
963 30197
964 30305
965 30319
966 30242
967 29982
968 30009
969 30013
970 30115
971 30294
972 30118
973 30242
974 30228
975 30392
976 30438
977 30484
978 30546
979 30349
980 30371
981 30401
982 30430
983 30438
984 30447
985 30352
986 30436
987 30280
988 30431
989 30447
990 30439
991 30177
992 30228
993 30188
994 30158
995 30267
996 30028
997 30188
998 30227
999 30081
1000 29931
1001 30077
1002 29882
1003 30089
1004 30011
1005 30331
1006 30251
1007 30386
1008 30463
1009 30450
1010 30556
1011 30341
1012 30422
1013 30176
1014 30252
1015 30346
1016 30435
1017 30195
1018 30320
1019 30226
1020 30158
1021 30047
1022 30161
1023 30209
1024 30131
1025 29921
1026 29966
1027 29790
1028 29643
1029 29389
1030 29057
1031 28919
1032 28730
1033 28985
1034 28360
1035 28136
1036 28121
1037 28186
1038 28355
1039 28561
1040 29085
1041 29195
1042 29321
1043 29367
1044 29272
1045 29265
1046 29121
1047 29048
1048 28921
1049 28799
1050 28846
1051 28927
1052 28966
1053 28922
1054 29090
1055 29293
1056 29281
1057 29328
1058 29423
1059 29139
1060 29153
1061 28971
1062 28975
1063 29226
1064 29691
1065 30050
1066 29996
1067 30011
1068 30211
1069 30077
1070 30209
1071 29926
1072 30010
1073 29851
1074 29532
1075 29667
1076 29433
1077 29475
1078 29242
1079 29114
1080 28800
1081 28644
1082 28341
1083 28257
1084 28029
1085 28025
1086 28061
1087 28159
1088 28024
1089 27642
1090 27781
1091 27866
1092 28334
1093 29151
1094 29440
1095 29720
1096 29900
1097 30049
1098 30153
1099 30321
1100 30220
1101 30220
1102 30224
1103 30379
1104 30150
1105 30342
1106 30159
1107 30060
1108 29900
1109 29798
1110 29804
1111 29719
1112 29698
1113 29640
1114 29397
1115 29606
1116 29501
1117 29966
1118 29869
1119 29851
1120 30029
1121 30069
1122 30184
1123 30133
1124 30081
1125 29850
1126 30075
1127 30019
1128 29880
1129 30008
1130 29898
1131 29810
1132 29716
1133 29782
1134 29762
1135 29742
1136 29936
1137 29901
1138 29953
1139 30078
1140 30072
1141 30312
1142 30188
1143 30197
1144 30105
1145 30044
1146 30155
1147 30173
1148 30440
1149 30212
1150 30257
1151 30314
1152 30092
1153 30405
1154 30354
1155 30346
1156 30312
1157 30242
1158 30222
1159 30292
1160 30213
1161 30206
1162 30188
1163 30250
1164 30179
1165 30225
1166 30235
1167 30186
1168 30322
1169 30084
1170 29936
1171 29750
1172 29991
1173 29682
1174 29636
1175 29522
1176 29646
1177 29536
1178 29376
1179 29142
1180 28803
1181 28910
1182 28733
1183 28724
1184 28465
1185 27718
1186 27101
1187 26548
1188 25825
1189 25500
1190 25082
1191 24719
1192 24394
1193 24028
1194 23806
1195 24067
1196 24978
1197 25732
1198 26903
1199 27792
1200 28489
1201 28748
1202 28836
1203 28635
1204 28341
1205 28008
1206 27736
1207 27417
1208 26987
1209 26547
1210 26106
1211 25779
1212 25403
1213 24864
1214 24643
1215 24366
1216 24275
1217 24683
1218 25344
1219 25897
1220 26734
1221 27511
1222 27988
1223 27980
1224 28007
1225 27915
1226 28584
1227 27352
1228 27430
1229 27092
1230 26805
1231 26658
1232 26578
1233 26573
1234 27187
1235 27691
1236 28495
1237 28923
1238 29373
1239 29385
1240 29446
1241 29404
1242 29199
1243 29125
1244 29153
1245 29279
1246 28974
1247 28922
1248 28877
1249 28875
1250 28978
1251 29078
1252 29389
1253 29571
1254 29394
1255 29518
1256 29584
1257 29575
1258 29497
1259 29532
1260 29790
1261 29562
1262 29774
1263 29750
1264 29795
1265 29848
1266 29714
1267 29954
1268 29666
1269 29474
1270 29459
1271 29173
1272 29097
1273 29199
1274 29093
1275 28869
1276 28877
1277 28692
1278 28575
1279 28533
1280 28652
1281 28784
1282 29023
1283 28895
1284 28876
1285 29085
1286 28980
1287 28997
1288 29229
1289 29088
1290 28937
1291 28892
1292 28692
1293 28318
1294 27887
1295 27174
1296 26485
1297 25626
1298 24240
1299 23656
1300 23192
1301 22715
1302 22267
1303 21771
1304 21464
1305 21397
1306 21900
1307 23001
1308 24214
1309 25571
1310 26790
1311 27859
1312 28380
1313 28694
1314 28811
1315 28808
1316 28697
1317 28599
1318 28264
1319 27979
1320 27570
1321 27189
1322 26869
1323 26627
1324 26474
1325 26186
1326 25955
1327 25935
1328 25862
1329 26093
1330 26540
1331 27006
1332 27467
1333 27814
1334 28161
1335 28424
1336 28152
1337 28275
1338 28064
1339 27973
1340 27847
1341 27693
1342 27637
1343 27326
1344 27165
1345 27037
1346 27140
1347 27133
1348 27536
1349 27607
1350 27997
1351 28114
1352 28196
1353 28326
1354 28353
1355 28199
1356 28218
