0 25587
1 29243
2 29962
3 30119
4 30259
5 30411
6 30541
7 31111
8 31352
9 31842
10 31953
11 31867
12 31755
13 31524
14 31308
15 31225
16 30954
17 30688
18 30261
19 29506
20 29052
21 28089
22 27264
23 27397
24 27534
25 28248
26 28811
27 28814
28 28598
29 28137
30 27773
31 28241
32 29117
33 30030
34 30633
35 31025
36 31143
37 31202
38 31021
39 31135
40 30973
41 30818
42 30620
43 30545
44 30160
45 30076
46 30133
47 29661
48 29397
49 29357
50 28978
51 28657
52 28536
53 28581
54 28523
55 28111
56 28462
57 29041
58 29762
59 30485
60 30842
61 30873
62 30715
63 30668
64 30587
65 30347
66 30167
67 29802
68 29180
69 28298
70 27363
71 26261
72 25772
73 25911
74 26588
75 27461
76 27895
77 27921
78 27435
79 26958
80 26492
81 26826
82 27632
83 28514
84 29387
85 29960
86 30277
87 30389
88 30480
89 30354
90 30298
91 30343
92 30453
93 30601
94 30537
95 30471
96 30014
97 29519
98 29365
99 29687
100 30270
101 31049
102 31437
103 31709
104 31924
105 31952
106 31965
107 31952
108 31890
109 31584
110 31213
111 30839
112 30320
113 30098
114 30078
115 30203
116 30505
117 30726
118 30821
119 30721
120 30681
121 30108
122 29560
123 29096
124 29297
125 29986
126 30511
127 31026
128 31156
129 31274
130 31021
131 30743
132 30476
133 30297
134 29843
135 29537
136 29110
137 28627
138 28063
139 27413
140 26557
141 26135
142 26282
143 26724
144 26784
145 27640
146 27905
147 27399
148 27419
149 27720
150 28306
151 28904
152 29634
153 30402
154 31094
155 31467
156 32018
157 32204
158 32504
159 32419
160 32486
161 32607
162 32600
163 32586
164 32514
165 32518
166 32617
167 32449
168 32355
169 32324
170 32166
171 32028
172 31862
173 31629
174 31658
175 31666
176 31585
177 31684
178 31676
179 31520
180 31479
181 31160
182 30729
183 30473
184 30576
185 31047
186 31503
187 31933
188 32274
189 32498
190 32684
191 32766
192 32695
193 32563
194 32523
195 32466
196 32205
197 32286
198 32083
199 32000
200 32068
201 31946
202 32061
203 32074
204 31846
205 31794
206 31435
207 31270
208 31198
209 31327
210 31528
211 31797
212 31862
213 31958
214 32085
215 31893
216 31900
217 31840
218 31662
219 31512
220 31523
221 31532
222 31663
223 31802
224 31847
225 30856
226 31993
227 31451
228 31415
229 31503
230 31498
231 31638
232 31612
233 31611
234 31398
235 31307
236 30901
237 30616
238 30211
239 29905
240 29274
241 29378
242 29199
243 28969
244 28925
245 28538
246 28206
247 27450
248 26983
249 26846
250 27123
251 27828
252 28700
253 29460
254 29977
255 30490
256 30617
257 30945
258 30756
259 30618
260 30450
261 30578
262 30729
263 31058
264 31395
265 31885
266 32046
267 32173
268 32241
269 32143
270 32239
271 32221
272 32371
273 32270
274 32292
275 32251
276 32321
277 32404
278 32270
279 32280
280 32283
281 32176
282 32224
283 32093
284 32116
285 32018
286 31939
287 32561
288 31850
289 31717
290 31838
291 31923
292 31858
293 31662
294 31579
295 31545
296 31370
297 31449
298 31506
299 31516
300 31469
301 31304
302 31200
303 31222
304 31027
305 31078
306 30795
307 30861
308 30680
309 30522
310 30119
311 29943
312 29594
313 29524
314 29801
315 30213
316 30531
317 30752
318 30847
319 31044
320 30841
321 31087
322 31313
323 31496
324 31730
325 31907
326 31963
327 31944
328 31904
329 31828
330 31764
331 31759
332 31719
333 31823
334 32045
335 31886
336 32154
337 32065
338 32109
339 32181
340 32188
341 32078
342 32031
343 32106
344 31868
345 31810
346 31461
347 31338
348 31279
349 30993
350 30876
351 30912
352 30737
353 30478
354 30352
355 30098
356 29528
357 28948
358 28779
359 28746
360 29237
361 29593
362 29865
363 30155
364 30002
365 29860
366 29491
367 29692
368 30016
369 30452
370 30985
371 31354
372 31379
373 31775
374 31789
375 31820
376 31792
377 31853
378 31484
379 31546
380 31357
381 30903
382 30732
383 30487
384 30320
385 30155
386 29868
387 30190
388 30073
389 30118
390 29983
391 29599
392 29037
393 28515
394 28530
395 28800
396 29458
397 30165
398 30619
399 30818
400 30791
401 30690
402 30596
403 30176
404 29880
405 29346
406 29096
407 28652
408 28443
409 28092
410 27681
411 27365
412 27032
413 26776
414 26638
415 26388
416 26213
417 25977
418 25851
419 26211
420 26681
421 27381
422 28286
423 29209
424 29788
425 30453
426 30945
427 30967
428 31120
429 31301
430 31373
431 31330
432 31469
433 31393
434 31311
435 31329
436 31287
437 31128
438 31258
439 31056
440 31170
441 31006
442 30903
443 30795
444 30562
445 30244
446 29873
447 29816
448 29532
449 29509
450 29500
451 29581
452 29626
453 29411
454 29240
455 28747
456 28309
457 27676
458 27764
459 28122
460 28213
461 28485
462 28708
463 28675
464 28531
465 28708
466 28634
467 28451
468 28128
469 27519
470 26809
471 26101
472 25631
473 25507
474 25988
475 26699
476 27070
477 27606
478 27857
479 27824
480 27896
481 27583
482 27095
483 27090
484 27337
485 28177
486 29037
487 29693
488 30312
489 30722
490 30868
491 31027
492 30984
493 31161
494 31027
495 30932
496 30972
497 31116
498 31081
499 31033
500 30928
501 30934
502 30898
503 30808
504 30559
505 30726
506 30578
507 30501
508 30530
509 30463
510 30412
511 30479
512 30242
513 30128
514 30091
515 29876
516 29993
517 30068
518 30379
519 30408
520 30603
521 30806
522 30770
523 30827
524 30674
525 30637
526 30433
527 30208
528 30080
529 29633
530 29604
531 29587
532 29400
533 29356
534 29479
535 29366
536 29039
537 28789
538 28447
539 28278
540 28517
541 28778
542 29367
543 29335
544 29438
545 29263
546 29036
547 28958
548 28842
549 28862
550 29063
551 29196
552 29029
553 28749
554 28437
555 27743
556 27644
557 27949
558 28525
559 29208
560 29912
561 30146
562 30483
563 30562
564 30799
565 30670
566 30691
567 30561
568 30375
569 30146
570 29904
571 29192
572 28900
573 28843
574 28591
575 28837
576 28771
577 28734
578 28456
579 28321
580 27551
581 27014
582 26962
583 27393
584 28773
585 28773
586 29312
587 29728
588 29902
589 29857
590 30025
591 30051
592 29993
593 30086
594 30206
595 30141
596 29968
597 29929
598 29801
599 29868
600 29899
601 29874
602 30003
603 30309
604 30220
605 30238
606 30309
607 30398
608 30304
609 30188
610 30148
611 29872
612 29678
613 29335
614 29075
615 28744
616 28659
617 28503
618 28541
619 28451
620 28485
621 28127
622 27856
623 27385
624 26981
625 27097
626 27467
627 27921
628 28222
629 28300
630 28158
631 27947
632 27727
633 27327
634 26999
635 26910
636 26995
637 27039
638 26655
639 26329
640 25615
641 24990
642 24772
643 24774
644 25337
645 26258
646 27365
647 28286
648 28753
649 29063
650 29247
651 29161
652 28838
653 28760
654 28380
655 28414
656 28286
657 28394
658 28519
659 28392
660 28211
661 27807
662 27462
663 27009
664 27112
665 27498
666 28282
667 28899
668 29370
669 29713
670 29982
671 30178
672 30044
673 29884
674 29848
675 29502
676 29308
677 28856
678 28506
679 28108
680 27737
681 27729
682 27686
683 27729
684 27492
685 27474
686 26886
687 26301
688 25524
689 24959
690 25094
691 25744
692 26396
693 26975
694 28327
695 27734
696 27931
697 28097
698 27980
699 27882
700 27698
701 27659
702 27745
703 28050
704 28356
705 28778
706 29210
707 29498
708 29754
709 29946
710 29956
711 29938
712 30033
713 30008
714 29982
715 29986
716 29891
717 29902
718 29897
719 29910
720 29936
721 29854
722 29841
723 29758
724 29782
725 29749
726 29639
727 29589
728 29674
729 29726
730 29704
731 29707
732 29843
733 29907
734 29800
735 29718
736 29615
737 29496
738 29556
739 29558
740 29595
741 29605
742 29685
743 29686
744 29594
745 29633
746 29539
747 29252
748 29070
749 28740
750 28212
751 27577
752 26863
753 26294
754 25492
755 25013
756 23549
757 24248
758 23848
759 23555
760 23349
761 22792
762 22217
763 21785
764 21513
765 21897
766 22416
767 23513
768 24345
769 25208
770 25824
771 26498
772 26814
773 27185
774 27487
775 27664
776 27671
777 27638
778 27028
779 26650
780 26482
781 26463
782 26801
783 26993
784 27153
785 26897
786 26641
787 26185
788 25718
789 25616
790 25532
791 25186
792 25180
793 24371
794 23643
795 22829
796 22153
797 21954
798 22388
799 23348
800 24523
801 25390
802 26160
803 26221
804 26227
805 26325
806 26664
807 27283
808 28111
809 28632
810 29134
811 29336
812 29504
813 29586
814 29529
815 29559
816 29724
817 29643
818 29527
819 29723
820 29529
821 29555
822 29608
823 29466
824 29520
825 29461
826 29351
827 29274
828 29088
829 29150
830 29050
831 29156
832 29370
833 29313
834 29360
835 29381
836 29294
837 29187
838 29281
839 29227
840 29155
841 29345
842 29422
843 29507
844 29578
845 29584
846 29517
847 29445
848 29440
849 29417
850 29356
851 29307
852 29221
853 29321
854 29330
855 29338
856 29381
857 29208
858 29212
859 29217
860 29194
861 29397
862 29497
863 29417
864 29499
865 29487
866 29641
867 29699
868 29658
869 29631
870 29629
871 29758
872 29477
873 29558
874 29273
875 29195
876 29114
877 29140
878 28948
879 29018
880 28951
881 28930
882 28945
883 28736
884 28713
885 28641
886 28596
887 28427
888 28547
889 28527
890 28563
891 28716
892 28627
893 28549
894 28359
895 28136
896 28030
897 27877
898 27881
899 27895
900 28009
901 27795
902 27846
903 27663
904 27174
905 26970
906 27099
907 27625
908 28115
909 28639
910 28777
911 29118
912 29103
913 29184
914 29364
915 29236
916 29152
917 29021
918 28956
919 28691
920 28380
921 28022
922 27898
923 27986
924 28095
925 28058
926 28112
927 27935
928 27577
929 27138
930 26897
931 27087
932 27505
933 28095
934 28536
935 28997
936 29205
937 29274
938 29193
939 29344
940 29333
941 29342
942 29324
943 29620
944 29333
945 29479
946 29565
947 29289
948 29537
949 29364
950 29362
951 29223
952 29333
953 29337
954 29456
955 29337
956 29399
957 29186
958 29213
959 29225
960 29193
961 29113
962 28972
963 29040
964 28971
965 29086
966 29155
967 29079
968 29099
969 28999
970 29025
971 29072
972 28938
973 28876
974 28932
975 28961
976 28951
977 29078
978 29095
979 29109
980 29061
981 29062
982 29182
983 29176
984 29290
985 29257
986 29347
987 29192
988 29201
989 29146
990 29157
991 29196
992 29185
993 29011
994 28991
995 29063
996 29048
997 28785
998 28910
999 28960
1000 28894
1001 28810
1002 28839
1003 28851
1004 28810
1005 28715
1006 28857
1007 28744
1008 28902
1009 28842
1010 29018
1011 28894
1012 28667
1013 28736
1014 28556
1015 28572
1016 28561
1017 28562
1018 28535
1019 28542
1020 28478
1021 28469
1022 28216
1023 27990
1024 28115
1025 27931
1026 27971
1027 28049
1028 27903
1029 27765
1030 27758
1031 27436
1032 27462
1033 27420
1034 27459
1035 27814
1036 27852
1037 27183
1038 26657
1039 26268
1040 26287
1041 26308
1042 26723
1043 27143
1044 27467
1045 27743
1046 27818
1047 27936
1048 28021
1049 27980
1050 27752
1051 27636
1052 27402
1053 27217
1054 27011
1055 27086
1056 27161
1057 27231
1058 27422
1059 27620
1060 27773
1061 27739
1062 27376
1063 26978
1064 26928
1065 27061
1066 27443
1067 27913
1068 28058
1069 28428
1070 28629
1071 28620
1072 28540
1073 28619
1074 28528
1075 28449
1076 28300
1077 28236
1078 28301
1079 28181
1080 28087
1081 27805
1082 27556
1083 27334
1084 27158
1085 27007
1086 27066
1087 27223
1088 27259
1089 27310
1090 27299
1091 27133
1092 26851
1093 26722
1094 26957
1095 27250
1096 27569
1097 27969
1098 28294
1099 28525
1100 28779
1101 28680
1102 28840
1103 28802
1104 28778
1105 28776
1106 28740
1107 28874
1108 28688
1109 28703
1110 28671
1111 28618
1112 28498
1113 28485
1114 28426
1115 28275
1116 28135
1117 28072
1118 27986
1119 28143
1120 28248
1121 28241
1122 28255
1123 28296
1124 28159
1125 28109
1126 28330
1127 28140
1128 28193
1129 28325
1130 28326
1131 28260
1132 28305
1133 28229
1134 28120
1135 28175
1136 28037
1137 27895
1138 27868
1139 27971
1140 28162
1141 28358
1142 28387
1143 28613
1144 28714
1145 28647
1146 28713
1147 28698
1148 28775
1149 28846
1150 28803
1151 28989
1152 28914
1153 28861
1154 29021
1155 28891
1156 28851
1157 28789
1158 28867
1159 28887
1160 28728
1161 28813
1162 28748
1163 28845
1164 28962
1165 28752
1166 28872
1167 28419
1168 29083
1169 28613
1170 28656
1171 28345
1172 28148
1173 28147
1174 27952
1175 27911
1176 28030
1177 27965
1178 27931
1179 27733
1180 27617
1181 27323
1182 26988
1183 26545
1184 26370
1185 26305
1186 25923
1187 25556
1188 25298
1189 25012
1190 24905
1191 24773
1192 24884
1193 24702
1194 24423
1195 23936
1196 23263
1197 22898
1198 22814
1199 23106
1200 23749
1201 24619
1202 25498
1203 25908
1204 26237
1205 26203
1206 25890
1207 25411
1208 25033
1209 24796
1210 24597
1211 24580
1212 24580
1213 24692
1214 24711
1215 24796
1216 24487
1217 24131
1218 23815
1219 23648
1220 23747
1221 24074
1222 24496
1223 24860
1224 25167
1225 25504
1226 25699
1227 25725
1228 26066
1229 26253
1230 26338
1231 26349
1232 26110
1233 25779
1234 25548
1235 25254
1236 25230
1237 25548
1238 25807
1239 26063
1240 26303
1241 26378
1242 26402
1243 26299
1244 26282
1245 26537
1246 26475
1247 26337
1248 26308
1249 26022
1250 25739
1251 25421
1252 25456
1253 25700
1254 26125
1255 26705
1256 27030
1257 27366
1258 27708
1259 27775
1260 27802
1261 27918
1262 27830
1263 27870
1264 27857
1265 27774
1266 27825
1267 27710
1268 27540
1269 27384
1270 27151
1271 26864
1272 26658
1273 26457
1274 26430
1275 26399
1276 26268
1277 26131
1278 25786
1279 25438
1280 25190
1281 25036
1282 25174
1283 25469
1284 25748
1285 26148
1286 26358
1287 26411
1288 26504
1289 26645
1290 26647
1291 26897
1292 26923
1293 26857
1294 26697
1295 26352
1296 25902
1297 24861
1298 24439
1299 24404
1300 23386
1301 23176
1302 23104
1303 23090
1304 22821
1305 22529
1306 21985
1307 21592
1308 21383
1309 21459
1310 22084
1311 23006
1312 24019
1313 25042
1314 25880
1315 26447
1316 26578
1317 26962
1318 26843
1319 26772
1320 26376
1321 26171
1322 25875
1323 25743
1324 25599
1325 25550
1326 25334
1327 25309
1328 25131
1329 24923
1330 24840
1331 24771
1332 24822
1333 25002
1334 25150
1335 25355
1336 25562
1337 25887
1338 26053
1339 26132
1340 26236
1341 26266
1342 26411
1343 26370
1344 26365
1345 26154
1346 25826
1347 25667
1348 25565
1349 25284
1350 25253
1351 25479
1352 25725
1353 25919
1354 25916
1355 25905
1356 25731
1357 25601
1358 25252
1359 24949
1360 25050
1361 24908
