0 28793
1 31724
2 31442
3 30556
4 31129
5 31821
6 32182
7 32419
8 32644
9 32506
10 32259
11 31811
12 31565
13 30922
14 31002
15 30589
16 30180
17 29826
18 29055
19 27908
20 27443
21 27343
22 28301
23 28862
24 29217
25 29023
26 28171
27 27688
28 28152
29 28828
30 29688
31 29776
32 30663
33 30824
34 31023
35 31057
36 31058
37 31361
38 31425
39 31187
40 31175
41 30822
42 30602
43 30186
44 29814
45 29389
46 28682
47 28154
48 27663
49 27919
50 28047
51 28100
52 28148
53 28333
54 28954
55 30018
56 31264
57 31403
58 31842
59 31962
60 31298
61 30965
62 30608
63 29960
64 30018
65 29433
66 29259
67 28615
68 27228
69 26109
70 25614
71 25901
72 26844
73 27171
74 27206
75 26670
76 26198
77 25883
78 26308
79 27433
80 28765
81 29848
82 30731
83 30929
84 31169
85 31464
86 31146
87 30700
88 30421
89 30358
90 30355
91 30404
92 30519
93 30090
94 29476
95 29117
96 29559
97 30565
98 31328
99 31741
100 32068
101 32238
102 32262
103 32044
104 32136
105 31992
106 31792
107 31832
108 31632
109 31352
110 31279
111 30848
112 30841
113 30819
114 30451
115 30334
116 30312
117 30375
118 30141
119 29635
120 29059
121 29290
122 29855
123 30950
124 31575
125 31772
126 32079
127 32090
128 31787
129 31690
130 31355
131 31068
132 31018
133 30370
134 30264
135 29813
136 29260
137 27410
138 27905
139 27677
140 27363
141 27520
142 27621
143 27725
144 27986
145 27371
146 27961
147 28227
148 29063
149 29744
150 30230
151 31253
152 31423
153 32073
154 32207
155 32274
156 32411
157 32694
158 32475
159 32496
160 32495
161 32613
162 32515
163 32535
164 32703
165 32656
166 32489
167 32380
168 32519
169 32319
170 32317
171 31944
172 31906
173 31755
174 31304
175 31251
176 31186
177 31244
178 31106
179 30784
180 30384
181 30394
182 30853
183 31496
184 32121
185 32428
186 32565
187 32707
188 32645
189 32728
190 32703
191 32643
192 32766
193 32596
194 32433
195 32613
196 32343
197 32332
198 32025
199 31884
200 31780
201 31787
202 31897
203 31572
204 31611
205 31342
206 31546
207 32178
208 31905
209 32259
210 32386
211 32443
212 32333
213 32417
214 32244
215 31946
216 32079
217 32050
218 31912
219 32036
220 32057
221 31898
222 32086
223 31913
224 31802
225 32026
226 31648
227 31762
228 31963
229 32178
230 32222
231 32498
232 32398
233 32325
234 32223
235 31901
236 31621
237 31376
238 31068
239 30846
240 30343
241 30198
242 29915
243 29782
244 29675
245 29195
246 29228
247 29196
248 29666
249 30103
250 30485
251 30665
252 30799
253 30945
254 30807
255 30773
256 30673
257 30727
258 30568
259 31045
260 31599
261 31791
262 32104
263 31641
264 32636
265 32441
266 32579
267 32672
268 32384
269 32601
270 32646
271 32308
272 32628
273 32724
274 32683
275 32438
276 32726
277 32604
278 32420
279 32507
280 32478
281 32472
282 32539
283 32461
284 32301
285 32396
286 32444
287 32314
288 32152
289 32219
290 32009
291 32218
292 31935
293 31911
294 31930
295 32420
296 32168
297 32092
298 32093
299 32068
300 31962
301 31625
302 31649
303 31400
304 31506
305 31115
306 31137
307 30856
308 30570
309 30256
310 30134
311 30246
312 30888
313 31618
314 31596
315 31665
316 31971
317 31733
318 31765
319 32082
320 32169
321 32101
322 32162
323 32104
324 32069
325 31999
326 31934
327 32050
328 32032
329 32117
330 32178
331 32087
332 32280
333 32530
334 32516
335 32488
336 32507
337 32595
338 32463
339 32412
340 32512
341 32527
342 32386
343 32446
344 32394
345 32074
346 31993
347 31960
348 31825
349 31618
350 31472
351 31431
352 31022
353 30804
354 30903
355 30248
356 30119
357 29808
358 30093
359 30309
360 30511
361 30436
362 30318
363 30083
364 29777
365 29973
366 30823
367 31277
368 31880
369 31858
370 31995
371 32043
372 32057
373 32165
374 32051
375 31934
376 32046
377 31953
378 31640
379 31669
380 31936
381 31380
382 31143
383 30747
384 30519
385 30372
386 30215
387 30103
388 29992
389 29808
390 29182
391 28980
392 29540
393 29973
394 30671
395 31198
396 31583
397 31326
398 31519
399 31714
400 31282
401 31129
402 30800
403 30645
404 30384
405 30099
406 29568
407 29058
408 28528
409 27848
410 27406
411 26792
412 26611
413 26291
414 26029
415 25792
416 26139
417 26537
418 27559
419 28847
420 29815
421 30484
422 31333
423 31393
424 31782
425 31923
426 31914
427 32022
428 31931
429 32009
430 32020
431 31883
432 31880
433 32052
434 31845
435 31802
436 31770
437 31779
438 31748
439 31769
440 31669
441 31590
442 31515
443 31368
444 31251
445 30853
446 30606
447 30404
448 30068
449 30035
450 29771
451 29727
452 29670
453 29245
454 28856
455 29077
456 29365
457 30061
458 30577
459 30949
460 30985
461 30769
462 30487
463 30361
464 30097
465 29957
466 30151
467 29503
468 28921
469 28631
470 28396
471 28569
472 28618
473 28831
474 28481
475 28599
476 28255
477 28633
478 28565
479 28331
480 27922
481 28239
482 28864
483 30004
484 30930
485 31474
486 31641
487 31931
488 31905
489 31839
490 32041
491 32010
492 31874
493 32157
494 32058
495 32017
496 31850
497 32001
498 31989
499 31772
500 32032
501 31801
502 31724
503 31525
504 31391
505 31309
506 31392
507 31209
508 31222
509 31141
510 31109
511 30735
512 30789
513 31058
514 31086
515 31260
516 31577
517 31762
518 31731
519 31980
520 31911
521 31893
522 31866
523 32061
524 31734
525 31818
526 31454
527 31591
528 31398
529 31026
530 30870
531 31406
532 30837
533 30954
534 30568
535 30599
536 30370
537 30450
538 30719
539 30925
540 31290
541 31253
542 31434
543 31269
544 30562
545 30439
546 30152
547 29860
548 29808
549 29675
550 29452
551 29428
552 28978
553 28471
554 28768
555 29296
556 30127
557 30809
558 31415
559 31505
560 31792
561 31762
562 31799
563 31819
564 31651
565 31846
566 31610
567 31635
568 32052
569 30994
570 30872
571 30394
572 29942
573 29918
574 29541
575 29194
576 29446
577 29087
578 28362
579 28157
580 28226
581 29044
582 29996
583 30712
584 30980
585 31416
586 31409
587 31501
588 31322
589 31334
590 31191
591 31186
592 31347
593 31114
594 30913
595 30902
596 30916
597 30839
598 31134
599 30965
600 31290
601 31431
602 31398
603 31550
604 31416
605 31624
606 31603
607 31616
608 31727
609 31477
610 31589
611 31273
612 31198
613 30982
614 30619
615 30395
616 30294
617 30160
618 30040
619 30036
620 29823
621 29586
622 29408
623 29467
624 29786
625 30396
626 30723
627 30686
628 30485
629 30271
630 29644
631 29041
632 28402
633 27692
634 27197
635 26631
636 26401
637 25995
638 25399
639 25030
640 25191
641 25734
642 27176
643 28357
644 29432
645 30029
646 30873
647 30996
648 31129
649 30780
650 30764
651 30792
652 30259
653 30134
654 29506
655 29561
656 29249
657 29191
658 29066
659 29090
660 28580
661 28251
662 28684
663 29260
664 30126
665 30763
666 31054
667 31506
668 31296
669 31485
670 31478
671 31399
672 31250
673 31325
674 30857
675 30945
676 30654
677 30014
678 30154
679 29488
680 29084
681 28774
682 28559
683 28589
684 28022
685 27740
686 26964
687 27039
688 27464
689 28293
690 28548
691 29153
692 29186
693 29087
694 29333
695 28828
696 28926
697 28855
698 28744
699 28825
700 29073
701 29528
702 30202
703 30375
704 30989
705 30994
706 31362
707 31517
708 31638
709 31713
710 31703
711 31509
712 31638
713 31652
714 31475
715 31415
716 31172
717 31293
718 31107
719 31249
720 31163
721 31011
722 31239
723 31204
724 30925
725 31121
726 31218
727 31192
728 31098
729 31146
730 30945
731 31050
732 31002
733 31103
734 30971
735 30975
736 31125
737 30922
738 31347
739 31227
740 31013
741 31169
742 31009
743 30990
744 30995
745 30925
746 30772
747 30390
748 30117
749 29552
750 29066
751 28446
752 27481
753 26553
754 25673
755 24850
756 25351
757 23290
758 22766
759 22446
760 21860
761 21685
762 22203
763 23004
764 24651
765 25842
766 27277
767 28082
768 28530
769 28908
770 28658
771 28892
772 28815
773 28713
774 28862
775 28874
776 28236
777 28180
778 28093
779 28397
780 28977
781 29450
782 29721
783 29391
784 29020
785 28620
786 27691
787 26942
788 26163
789 25755
790 25377
791 24550
792 23911
793 23436
794 23184
795 23417
796 23983
797 25102
798 26141
799 27293
800 27766
801 28195
802 28023
803 28103
804 28515
805 29587
806 30255
807 30648
808 30898
809 31080
810 31149
811 31353
812 31097
813 31109
814 31168
815 31091
816 31207
817 31035
818 30957
819 30928
820 30765
821 30942
822 30885
823 30823
824 30642
825 30663
826 30807
827 30734
828 30283
829 30652
830 30811
831 30437
832 30710
833 30842
834 30491
835 30579
836 30290
837 30468
838 30701
839 30802
840 31006
841 31022
842 31229
843 31132
844 31052
845 30961
846 31063
847 30935
848 30945
849 30806
850 30788
851 30832
852 30570
853 30748
854 30640
855 30739
856 30602
857 31104
858 30846
859 31014
860 31036
861 31101
862 31207
863 31113
864 30806
865 30971
866 31068
867 31056
868 30913
869 31019
870 31057
871 31194
872 31091
873 31296
874 30827
875 30881
876 30845
877 30798
878 30493
879 30596
880 30705
881 30556
882 30408
883 30310
884 30299
885 30407
886 30493
887 30421
888 30280
889 30544
890 30628
891 30496
892 30422
893 30140
894 29978
895 29860
896 29795
897 29330
898 29173
899 29216
900 29230
901 28833
902 28813
903 28707
904 29238
905 29481
906 30139
907 30781
908 30757
909 30936
910 30999
911 31186
912 31080
913 31164
914 30830
915 30922
916 30692
917 30799
918 30309
919 30447
920 30047
921 29504
922 29480
923 29382
924 29273
925 29446
926 29141
927 28785
928 28613
929 28894
930 29555
931 30227
932 30571
933 30916
934 31100
935 30944
936 31002
937 31312
938 31232
939 31244
940 31308
941 31293
942 30942
943 31201
944 31089
945 31285
946 31188
947 31160
948 31204
949 31212
950 31148
951 31114
952 31016
953 30986
954 31215
955 30919
956 31031
957 31031
958 31120
959 31097
960 30943
961 31022
962 31060
963 30709
964 30734
965 30696
966 30847
967 30886
968 30629
969 30661
970 30621
971 30679
972 30799
973 30815
974 30930
975 30936
976 31034
977 31028
978 31021
979 31067
980 30994
981 30999
982 31096
983 30889
984 31059
985 31143
986 31073
987 30995
988 31087
989 31016
990 31072
991 31127
992 31140
993 30961
994 31117
995 30969
996 31020
997 30922
998 30763
999 30991
1000 30699
1001 30622
1002 30545
1003 30602
1004 30744
1005 30815
1006 30758
1007 30965
1008 31218
1009 31028
1010 31274
1011 31239
1012 30933
1013 30972
1014 30810
1015 30691
1016 30729
1017 30678
1018 30646
1019 30759
1020 30607
1021 30714
1022 30582
1023 30550
1024 30899
1025 30771
1026 30510
1027 30579
1028 30189
1029 29926
1030 29604
1031 29433
1032 29287
1033 29225
1034 28934
1035 29101
1036 28769
1037 28478
1038 28387
1039 28820
1040 29196
1041 29732
1042 29938
1043 30130
1044 30068
1045 30089
1046 30015
1047 29829
1048 29947
1049 29692
1050 29528
1051 29610
1052 29443
1053 29506
1054 29623
1055 29350
1056 29589
1057 29515
1058 29600
1059 29551
1060 29532
1061 29196
1062 29128
1063 29446
1064 29749
1065 30594
1066 30752
1067 30895
1068 30697
1069 31215
1070 31068
1071 30900
1072 30939
1073 30810
1074 30683
1075 30459
1076 30473
1077 30267
1078 30081
1079 29976
1080 29955
1081 29577
1082 29290
1083 29222
1084 29108
1085 29207
1086 28956
1087 28900
1088 29155
1089 28876
1090 28445
1091 28761
1092 29111
1093 29486
1094 30115
1095 30329
1096 30753
1097 30994
1098 30916
1099 31051
1100 31181
1101 31074
1102 31296
1103 31356
1104 31216
1105 30925
1106 30832
1107 30964
1108 30803
1109 30850
1110 30703
1111 30489
1112 30441
1113 30372
1114 30437
1115 30533
1116 30400
1117 30335
1118 30549
1119 30594
1120 30919
1121 30824
1122 30715
1123 30976
1124 30977
1125 30769
1126 30490
1127 30682
1128 30852
1129 30528
1130 30551
1131 30470
1132 30445
1133 30380
1134 30280
1135 30413
1136 30415
1137 30487
1138 30758
1139 31013
1140 30864
1141 30866
1142 31112
1143 30971
1144 31060
1145 30908
1146 30995
1147 31054
1148 31252
1149 30959
1150 31232
1151 31277
1152 30966
1153 30929
1154 31118
1155 31146
1156 31048
1157 31105
1158 31133
1159 31189
1160 31027
1161 30946
1162 31237
1163 31094
1164 31155
1165 31151
1166 31222
1167 30864
1168 30471
1169 30906
1170 30838
1171 30595
1172 30309
1173 30123
1174 30052
1175 30105
1176 29977
1177 29827
1178 29795
1179 29581
1180 29327
1181 29110
1182 29334
1183 29215
1184 29182
1185 28837
1186 28350
1187 27727
1188 27113
1189 26468
1190 26482
1191 25542
1192 25356
1193 24890
1194 24649
1195 24675
1196 24947
1197 25602
1198 26282
1199 27565
1200 28386
1201 28911
1202 29109
1203 28835
1204 28732
1205 28520
1206 28146
1207 27991
1208 27660
1209 27455
1210 27239
1211 26739
1212 26454
1213 26092
1214 25379
1215 25377
1216 25008
1217 25350
1218 25792
1219 26512
1220 27326
1221 27794
1222 28304
1223 28890
1224 28980
1225 28701
1226 28555
1227 28378
1228 28214
1229 28005
1230 27824
1231 27602
1232 27447
1233 27277
1234 27692
1235 28071
1236 28759
1237 29341
1238 29666
1239 30009
1240 29934
1241 29946
1242 29948
1243 29701
1244 29483
1245 29378
1246 29392
1247 29353
1248 28935
1249 28715
1250 28859
1251 29154
1252 29537
1253 29863
1254 30280
1255 30165
1256 30367
1257 30460
1258 30409
1259 30550
1260 30436
1261 30372
1262 30453
1263 30810
1264 30594
1265 30604
1266 30824
1267 30636
1268 30996
1269 30106
1270 29915
1271 29805
1272 29783
1273 29558
1274 29296
1275 29063
1276 29023
1277 29032
1278 28655
1279 28505
1280 28713
1281 28896
1282 29168
1283 29343
1284 29491
1285 29448
1286 29498
1287 29666
1288 29728
1289 29940
1290 29737
1291 29804
1292 29696
1293 29455
1294 29141
1295 28425
1296 27736
1297 27085
1298 26121
1299 24735
1300 24389
1301 24053
1302 23516
1303 22852
1304 22594
1305 22188
1306 22628
1307 23014
1308 24274
1309 25605
1310 27093
1311 28028
1312 28645
1313 29286
1314 29530
1315 29505
1316 29522
1317 29701
1318 29233
1319 28931
1320 28677
1321 28382
1322 27803
1323 27456
1324 27202
1325 26927
1326 26726
1327 26562
1328 26674
1329 26507
1330 26932
1331 27110
1332 27933
1333 28304
1334 28543
1335 28985
1336 28831
1337 29037
1338 29119
1339 28933
1340 28602
1341 28605
1342 28530
1343 28329
1344 28060
1345 27827
1346 27798
1347 27843
1348 28090
1349 28067
1350 28424
1351 28317
1352 28602
1353 28523
1354 28739
1355 28419
1356 28349
1357 28449
1358 28491
1359 28583
1360 28814
1361 28706
